0
1.0809
2.1496
3.2048
4.2454
5.2699
6.2771
7.2659
8.2351
9.1836
10.11
11.015
11.895
12.752
13.583
14.389
15.168
15.922
16.648
17.348
18.02
18.666
19.284
19.876
20.442
20.982
21.496
21.986
22.451
22.892
23.31
23.706
24.081
24.434
24.767
25.081
25.377
25.655
25.915
26.16
26.389
26.603
26.802
26.989
27.162
27.323
27.473
27.611
27.739
27.856
27.964
28.063
28.153
28.234
28.307
28.372
28.43
28.48
28.523
28.56
28.589
28.612
28.628
28.638
28.641
28.638
28.628
28.612
28.589
28.56
28.523
28.48
28.43
28.372
28.307
28.234
28.153
28.063
27.964
27.856
27.739
27.611
27.473
27.323
27.162
26.989
26.802
26.603
26.389
26.16
25.915
25.655
25.377
25.081
24.767
24.434
24.081
23.706
23.31
22.892
22.451
21.986
21.496
20.982
20.442
19.876
19.284
18.666
18.02
17.348
16.648
15.922
15.168
14.389
13.583
12.752
11.895
11.015
10.11
9.1836
8.2351
7.2659
6.2771
5.2699
4.2454
3.2048
2.1496
1.0809
0
