0
0.63363
1.2614
1.8828
2.4977
3.1056
3.7061
4.299
4.8839
5.4604
6.0283
6.5872
7.1369
7.677
8.2073
8.7274
9.2373
9.7366
10.225
10.703
11.169
11.624
12.068
12.499
12.92
13.328
13.725
14.11
14.482
14.843
15.192
15.529
15.855
16.168
16.47
16.76
17.038
17.305
17.56
17.805
18.038
18.26
18.472
18.672
18.863
19.042
19.212
19.371
19.521
19.66
19.79
19.911
20.022
20.123
20.215
20.299
20.373
20.438
20.494
20.542
20.581
20.611
20.633
20.645
20.65
20.645
20.633
20.611
20.581
20.542
20.494
20.438
20.373
20.299
20.215
20.123
20.022
19.911
19.79
19.66
19.521
19.371
19.212
19.042
18.863
18.672
18.472
18.26
18.038
17.805
17.56
17.305
17.038
16.76
16.47
16.168
15.855
15.529
15.192
14.843
14.482
14.11
13.725
13.328
12.92
12.499
12.068
11.624
11.169
10.703
10.225
9.7366
9.2373
8.7274
8.2073
7.677
7.1369
6.5872
6.0283
5.4604
4.8839
4.299
3.7061
3.1056
2.4977
1.8828
1.2614
0.63363
0
