0
0.073245
0.14541
0.2165
0.28649
0.3554
0.42321
0.48993
0.55555
0.62007
0.68348
0.74578
0.80697
0.86704
0.926
0.98384
1.0405
1.0961
1.1506
1.2039
1.2561
1.3072
1.3571
1.4059
1.4535
1.5
1.5453
1.5895
1.6325
1.6744
1.7151
1.7547
1.7931
1.8303
1.8664
1.9013
1.9351
1.9676
1.999
2.0293
2.0583
2.0862
2.1129
2.1384
2.1628
2.1859
2.2079
2.2287
2.2483
2.2668
2.284
2.3001
2.315
2.3286
2.3411
2.3525
2.3626
2.3715
2.3793
2.3858
2.3912
2.3953
2.3983
2.4001
2.4007
2.4001
2.3983
2.3953
2.3912
2.3858
2.3793
2.3715
2.3626
2.3525
2.3411
2.3286
2.315
2.3001
2.284
2.2668
2.2483
2.2287
2.2079
2.1859
2.1628
2.1384
2.1129
2.0862
2.0583
2.0293
1.999
1.9676
1.9351
1.9013
1.8664
1.8303
1.7931
1.7547
1.7151
1.6744
1.6325
1.5895
1.5453
1.5
1.4535
1.4059
1.3571
1.3072
1.2561
1.2039
1.1506
1.0961
1.0405
0.98384
0.926
0.86704
0.80697
0.74578
0.68348
0.62007
0.55555
0.48993
0.42321
0.3554
0.28649
0.2165
0.14541
0.073245
0
