0
0.23396
0.4653
0.69398
0.91994
1.1431
1.3635
1.581
1.7957
2.0073
2.216
2.4216
2.6241
2.8234
3.0196
3.2126
3.4023
3.5887
3.7718
3.9514
4.1277
4.3005
4.4697
4.6355
4.7977
4.9563
5.1112
5.2625
5.4101
5.554
5.6941
5.8305
5.963
6.0917
6.2166
6.3375
6.4546
6.5678
6.677
6.7822
6.8834
6.9807
7.0739
7.1631
7.2482
7.3293
7.4063
7.4792
7.548
7.6127
7.6732
7.7296
7.7819
7.83
7.874
7.9138
7.9494
7.9808
8.0081
8.0312
8.0501
8.0648
8.0752
8.0815
8.0836
8.0815
8.0752
8.0648
8.0501
8.0312
8.0081
7.9808
7.9494
7.9138
7.874
7.83
7.7819
7.7296
7.6732
7.6127
7.548
7.4792
7.4063
7.3293
7.2482
7.1631
7.0739
6.9807
6.8834
6.7822
6.677
6.5678
6.4546
6.3375
6.2166
6.0917
5.963
5.8305
5.6941
5.554
5.4101
5.2625
5.1112
4.9563
4.7977
4.6355
4.4697
4.3005
4.1277
3.9514
3.7718
3.5887
3.4023
3.2126
3.0196
2.8234
2.6241
2.4216
2.216
2.0073
1.7957
1.581
1.3635
1.1431
0.91994
0.69398
0.4653
0.23396
0
