0
4.2475
8.3759
12.347
16.125
19.683
22.998
26.058
28.855
31.392
33.675
35.716
37.531
39.137
40.551
41.794
42.881
43.83
44.658
45.377
46.002
46.545
47.015
47.422
47.774
48.079
48.342
48.57
48.766
48.936
49.082
49.209
49.318
49.412
49.493
49.563
49.623
49.675
49.72
49.758
49.792
49.82
49.845
49.867
49.885
49.901
49.914
49.926
49.936
49.945
49.952
49.959
49.964
49.969
49.973
49.976
49.979
49.981
49.983
49.985
49.986
49.987
49.988
49.988
49.988
49.988
49.988
49.987
49.986
49.985
49.983
49.981
49.979
49.976
49.973
49.969
49.964
49.959
49.952
49.945
49.936
49.926
49.914
49.901
49.885
49.867
49.845
49.82
49.792
49.758
49.72
49.675
49.623
49.563
49.493
49.412
49.318
49.209
49.082
48.936
48.766
48.57
48.342
48.079
47.774
47.422
47.015
46.545
46.002
45.377
44.658
43.83
42.881
41.794
40.551
39.137
37.531
35.716
33.675
31.392
28.855
26.058
22.998
19.683
16.125
12.347
8.3759
4.2475
0
