0
3.2177
6.3635
9.4177
12.362
15.18
17.858
20.385
22.753
24.958
26.997
28.872
30.587
32.148
33.563
34.84
35.989
37.018
37.939
38.76
39.49
40.14
40.715
41.225
41.676
42.075
42.427
42.737
43.01
43.251
43.464
43.65
43.814
43.959
44.086
44.197
44.295
44.381
44.457
44.523
44.581
44.632
44.677
44.717
44.751
44.781
44.808
44.831
44.851
44.869
44.884
44.898
44.909
44.92
44.928
44.936
44.942
44.948
44.952
44.956
44.959
44.961
44.963
44.964
44.964
44.964
44.963
44.961
44.959
44.956
44.952
44.948
44.942
44.936
44.928
44.92
44.909
44.898
44.884
44.869
44.851
44.831
44.808
44.781
44.751
44.717
44.677
44.632
44.581
44.523
44.457
44.381
44.295
44.197
44.086
43.959
43.814
43.65
43.464
43.251
43.01
42.737
42.427
42.075
41.676
41.225
40.715
40.14
39.49
38.76
37.939
37.018
35.989
34.84
33.563
32.148
30.587
28.872
26.997
24.958
22.753
20.385
17.858
15.18
12.362
9.4177
6.3635
3.2177
0
