0
2.3509
4.66
6.9183
9.117
11.248
13.304
15.278
17.165
18.961
20.661
22.264
23.77
25.178
26.489
27.706
28.831
29.869
30.823
31.697
32.497
33.227
33.892
34.496
35.044
35.541
35.99
36.396
36.763
37.093
37.391
37.659
37.9
38.117
38.312
38.487
38.644
38.785
38.911
39.024
39.125
39.216
39.297
39.37
39.435
39.493
39.544
39.591
39.632
39.668
39.701
39.729
39.755
39.777
39.797
39.814
39.828
39.841
39.852
39.86
39.867
39.873
39.877
39.879
39.88
39.879
39.877
39.873
39.867
39.86
39.852
39.841
39.828
39.814
39.797
39.777
39.755
39.729
39.701
39.668
39.632
39.591
39.544
39.493
39.435
39.37
39.297
39.216
39.125
39.024
38.911
38.785
38.644
38.487
38.312
38.117
37.9
37.659
37.391
37.093
36.763
36.396
35.99
35.541
35.044
34.496
33.892
33.227
32.497
31.697
30.823
29.869
28.831
27.706
26.489
25.178
23.77
22.264
20.661
18.961
17.165
15.278
13.304
11.248
9.117
6.9183
4.66
2.3509
0
