0
0.026587
0.052746
0.07848
0.10379
0.12867
0.15312
0.17716
0.20076
0.22394
0.2467
0.26904
0.29095
0.31244
0.3335
0.35415
0.37437
0.39417
0.41355
0.43251
0.45104
0.46916
0.48686
0.50413
0.52099
0.53743
0.55344
0.56904
0.58422
0.59898
0.61333
0.62725
0.64076
0.65385
0.66652
0.67878
0.69061
0.70203
0.71304
0.72363
0.7338
0.74355
0.75289
0.76181
0.77032
0.77841
0.78608
0.79334
0.80019
0.80662
0.81263
0.81823
0.82341
0.82818
0.83253
0.83647
0.84
0.84311
0.8458
0.84808
0.84995
0.8514
0.85243
0.85306
0.85326
0.85306
0.85243
0.8514
0.84995
0.84808
0.8458
0.84311
0.84
0.83647
0.83253
0.82818
0.82341
0.81823
0.81263
0.80662
0.80019
0.79334
0.78608
0.77841
0.77032
0.76181
0.75289
0.74355
0.7338
0.72363
0.71304
0.70203
0.69061
0.67878
0.66652
0.65385
0.64076
0.62725
0.61333
0.59898
0.58422
0.56904
0.55344
0.53743
0.52099
0.50413
0.48686
0.46916
0.45104
0.43251
0.41355
0.39417
0.37437
0.35415
0.3335
0.31244
0.29095
0.26904
0.2467
0.22394
0.20076
0.17716
0.15312
0.12867
0.10379
0.07848
0.052746
0.026587
0
