0
0.0097793
0.019399
0.028858
0.038159
0.0473
0.056282
0.065106
0.073772
0.082279
0.090629
0.098821
0.10686
0.11473
0.12245
0.13002
0.13743
0.14468
0.15178
0.15872
0.1655
0.17213
0.1786
0.18492
0.19109
0.1971
0.20295
0.20865
0.2142
0.2196
0.22483
0.22992
0.23485
0.23963
0.24426
0.24873
0.25305
0.25722
0.26124
0.2651
0.26881
0.27237
0.27577
0.27903
0.28213
0.28508
0.28787
0.29052
0.29302
0.29536
0.29755
0.29959
0.30148
0.30322
0.3048
0.30624
0.30752
0.30865
0.30964
0.31047
0.31115
0.31168
0.31205
0.31228
0.31235
0.31228
0.31205
0.31168
0.31115
0.31047
0.30964
0.30865
0.30752
0.30624
0.3048
0.30322
0.30148
0.29959
0.29755
0.29536
0.29302
0.29052
0.28787
0.28508
0.28213
0.27903
0.27577
0.27237
0.26881
0.2651
0.26124
0.25722
0.25305
0.24873
0.24426
0.23963
0.23485
0.22992
0.22483
0.2196
0.2142
0.20865
0.20295
0.1971
0.19109
0.18492
0.1786
0.17213
0.1655
0.15872
0.15178
0.14468
0.13743
0.13002
0.12245
0.11473
0.10686
0.098821
0.090629
0.082279
0.073772
0.065106
0.056282
0.0473
0.038159
0.028858
0.019399
0.0097793
0
