0
1.6423
3.2615
4.8537
6.4154
7.943
9.4333
10.883
12.29
13.65
14.962
16.225
17.435
18.593
19.697
20.748
21.744
22.687
23.577
24.415
25.203
25.941
26.632
27.278
27.879
28.439
28.959
29.442
29.889
30.303
30.686
31.039
31.364
31.664
31.94
32.194
32.428
32.642
32.838
33.018
33.183
33.333
33.471
33.597
33.712
33.816
33.911
33.998
34.076
34.147
34.211
34.269
34.321
34.367
34.408
34.444
34.476
34.503
34.527
34.546
34.562
34.574
34.582
34.587
34.589
34.587
34.582
34.574
34.562
34.546
34.527
34.503
34.476
34.444
34.408
34.367
34.321
34.269
34.211
34.147
34.076
33.998
33.911
33.816
33.712
33.597
33.471
33.333
33.183
33.018
32.838
32.642
32.428
32.194
31.94
31.664
31.364
31.039
30.686
30.303
29.889
29.442
28.959
28.439
27.879
27.278
26.632
25.941
25.203
24.415
23.577
22.687
21.744
20.748
19.697
18.593
17.435
16.225
14.962
13.65
12.29
10.883
9.4333
7.943
6.4154
4.8537
3.2615
1.6423
0
