0.5248895055
0.4363732842
0.7417836937
0.6856375633
0.8039554057
-0.1389100564
0.689761594
0.6114734674
0.9890185908
0.527211887
0.478291807
0.8001696349
0.2269988089
0.4969761165
0.7931583939
0.4829475755
0.7997251764
0.6136342768
0.4663641346
0.1594575886
0.555089292
0.08744927306
0.555267798
0.5832855936
0.6475810516
0.8192147564
0.9240201122
0.7334668097
0.5884922312
0.8449204165
0.4881910113
-0.08039237391
0.03608815995
0.7955380316
0.4440250176
0.8496743557
0.1480527158
0.4847227728
0.5583077121
-0.0303219288
0.5650481185
0.3325225708
0.05734943085
0.3954932944
0.08885834951
0.0132676819
0.109895266
0.07065346402
0.1435524262
0.04931695344
0.5476208638
0.185442539
0.4364662951
0.6062492635
0.4280786224
0.4929844976
0.4514331109
0.03526112152
0.3927877493
0.7496824214
0.7839803492
0.1980355735
0.1647554436
0.5650198401
0.6367573635
0.4131387351
0.2018643157
0.9443508661
0.07903008839
0.1038046337
0.1483284835
0.08246257428
0.528487963
0.4757731331
-0.03318491069
0.862997313
0.6875207199
0.7378416538
-0.1808776801
0.5139392882
0.58445233
0.6290405725
0.5489193132
0.3255589893
0.1540531869
